,Item,Year,Sales,Sales Last Year,Sales Growth %
0,Aloe Vera,2010,27,0,0.0
1,Aloe Vera,2011,31,27,14.81
2,Aloe Vera,2012,99,31,219.35
3,Aloe Vera,2013,10,99,-89.9
4,Aloe Vera,2014,60,10,500.0
5,Aloe Vera,2015,31,60,-48.33
6,Aloe Vera,2016,90,31,190.32
7,Aloe Vera,2017,87,90,-3.33
8,Aloe Vera,2018,30,87,-65.52
9,Aloe Vera,2019,43,30,43.33
10,Apple,2010,25,0,0.0
11,Apple,2011,75,25,200.0
12,Apple,2012,62,75,-17.33
13,Apple,2013,96,62,54.84
14,Apple,2014,39,96,-59.38
15,Apple,2015,90,39,130.77
16,Apple,2016,41,90,-54.44
17,Apple,2017,71,41,73.17
18,Apple,2018,59,71,-16.9
19,Apple,2019,41,59,-30.51
20,Asparagus,2010,65,0,0.0
21,Asparagus,2011,45,65,-30.77
22,Asparagus,2012,45,45,0.0
23,Asparagus,2013,46,45,2.22
24,Asparagus,2014,80,46,73.91
25,Asparagus,2015,95,80,18.75
26,Asparagus,2016,31,95,-67.37
27,Asparagus,2017,82,31,164.52
28,Asparagus,2018,85,82,3.66
29,Asparagus,2019,46,85,-45.88
30,Avocados,2010,45,0,0.0
31,Avocados,2011,26,45,-42.22
32,Avocados,2012,53,26,103.85
33,Avocados,2013,41,53,-22.64
34,Avocados,2014,42,41,2.44
35,Avocados,2015,50,42,19.05
36,Avocados,2016,63,50,26.0
37,Avocados,2017,15,63,-76.19
38,Avocados,2018,71,15,373.33
39,Avocados,2019,61,71,-14.08
40,Blueberries,2010,35,0,0.0
41,Blueberries,2011,64,35,82.86
42,Blueberries,2012,20,64,-68.75
43,Blueberries,2013,66,20,230.0
44,Blueberries,2014,19,66,-71.21
45,Blueberries,2015,48,19,152.63
46,Blueberries,2016,87,48,81.25
47,Blueberries,2017,76,87,-12.64
48,Blueberries,2018,10,76,-86.84
49,Blueberries,2019,84,10,740.0
50,Brinjal,2010,34,0,0.0
51,Brinjal,2011,47,34,38.24
52,Brinjal,2012,81,47,72.34
53,Brinjal,2013,12,81,-85.19
54,Brinjal,2014,69,12,475.0
55,Brinjal,2015,98,69,42.03
56,Brinjal,2016,69,98,-29.59
57,Brinjal,2017,25,69,-63.77
58,Brinjal,2018,45,25,80.0
59,Brinjal,2019,76,45,68.89
60,Brocolli,2010,14,0,0.0
61,Brocolli,2011,76,14,442.86
62,Brocolli,2012,74,76,-2.63
63,Brocolli,2013,22,74,-70.27
64,Brocolli,2014,21,22,-4.55
65,Brocolli,2015,32,21,52.38
66,Brocolli,2016,17,32,-46.88
67,Brocolli,2017,45,17,164.71
68,Brocolli,2018,44,45,-2.22
69,Brocolli,2019,47,44,6.82
70,Carrot,2010,59,0,0.0
71,Carrot,2011,41,59,-30.51
72,Carrot,2012,90,41,119.51
73,Carrot,2013,11,90,-87.78
74,Carrot,2014,10,11,-9.09
75,Carrot,2015,12,10,20.0
76,Carrot,2016,29,12,141.67
77,Carrot,2017,46,29,58.62
78,Carrot,2018,14,46,-69.57
79,Carrot,2019,97,14,592.86
80,Cauliflower,2010,61,0,0.0
81,Cauliflower,2011,72,61,18.03
82,Cauliflower,2012,92,72,27.78
83,Cauliflower,2013,79,92,-14.13
84,Cauliflower,2014,17,79,-78.48
85,Cauliflower,2015,96,17,464.71
86,Cauliflower,2016,96,96,0.0
87,Cauliflower,2017,83,96,-13.54
88,Cauliflower,2018,26,83,-68.67
89,Cauliflower,2019,68,26,161.54
90,Ginger,2010,98,0,0.0
91,Ginger,2011,68,98,-30.61
92,Ginger,2012,50,68,-26.47
93,Ginger,2013,72,50,44.0
94,Ginger,2014,12,72,-83.33
95,Ginger,2015,90,12,650.0
96,Ginger,2016,90,90,0.0
97,Ginger,2017,15,90,-83.33
98,Ginger,2018,87,15,480.0
99,Ginger,2019,86,87,-1.15
100,Hibuscus,2010,23,0,0.0
101,Hibuscus,2011,28,23,21.74
102,Hibuscus,2012,20,28,-28.57
103,Hibuscus,2013,96,20,380.0
104,Hibuscus,2014,55,96,-42.71
105,Hibuscus,2015,14,55,-74.55
106,Hibuscus,2016,23,14,64.29
107,Hibuscus,2017,10,23,-56.52
108,Hibuscus,2018,76,10,660.0
109,Hibuscus,2019,68,76,-10.53
110,Lychee,2010,16,0,0.0
111,Lychee,2011,39,16,143.75
112,Lychee,2012,22,39,-43.59
113,Lychee,2013,82,22,272.73
114,Lychee,2014,48,82,-41.46
115,Lychee,2015,83,48,72.92
116,Lychee,2016,21,83,-74.7
117,Lychee,2017,18,21,-14.29
118,Lychee,2018,40,18,122.22
119,Lychee,2019,73,40,82.5
120,Money Plant,2010,74,0,0.0
121,Money Plant,2011,88,74,18.92
122,Money Plant,2012,51,88,-42.05
123,Money Plant,2013,39,51,-23.53
124,Money Plant,2014,75,39,92.31
125,Money Plant,2015,32,75,-57.33
126,Money Plant,2016,27,32,-15.62
127,Money Plant,2017,80,27,196.3
128,Money Plant,2018,63,80,-21.25
129,Money Plant,2019,36,63,-42.86
130,Onions,2010,10,0,0.0
131,Onions,2011,78,10,680.0
132,Onions,2012,54,78,-30.77
133,Onions,2013,17,54,-68.52
134,Onions,2014,12,17,-29.41
135,Onions,2015,89,12,641.67
136,Onions,2016,27,89,-69.66
137,Onions,2017,51,27,88.89
138,Onions,2018,48,51,-5.88
139,Onions,2019,58,48,20.83
140,Orange,2010,40,0,0.0
141,Orange,2011,44,40,10.0
142,Orange,2012,48,44,9.09
143,Orange,2013,87,48,81.25
144,Orange,2014,20,87,-77.01
145,Orange,2015,83,20,315.0
146,Orange,2016,91,83,9.64
147,Orange,2017,59,91,-35.16
148,Orange,2018,38,59,-35.59
149,Orange,2019,41,38,7.89
150,Palm,2010,57,0,0.0
151,Palm,2011,68,57,19.3
152,Palm,2012,33,68,-51.47
153,Palm,2013,15,33,-54.55
154,Palm,2014,88,15,486.67
155,Palm,2015,39,88,-55.68
156,Palm,2016,43,39,10.26
157,Palm,2017,90,43,109.3
158,Palm,2018,16,90,-82.22
159,Palm,2019,17,16,6.25
160,Radish,2010,64,0,0.0
161,Radish,2011,45,64,-29.69
162,Radish,2012,48,45,6.67
163,Radish,2013,73,48,52.08
164,Radish,2014,79,73,8.22
165,Radish,2015,18,79,-77.22
166,Radish,2016,74,18,311.11
167,Radish,2017,82,74,10.81
168,Radish,2018,58,82,-29.27
169,Radish,2019,34,58,-41.38
170,Rose,2010,80,0,0.0
171,Rose,2011,49,80,-38.75
172,Rose,2012,10,49,-79.59
173,Rose,2013,59,10,490.0
174,Rose,2014,71,59,20.34
175,Rose,2015,67,71,-5.63
176,Rose,2016,75,67,11.94
177,Rose,2017,92,75,22.67
178,Rose,2018,26,92,-71.74
179,Rose,2019,34,26,30.77
180,Spinach,2010,41,0,0.0
181,Spinach,2011,51,41,24.39
182,Spinach,2012,68,51,33.33
183,Spinach,2013,45,68,-33.82
184,Spinach,2014,73,45,62.22
185,Spinach,2015,38,73,-47.95
186,Spinach,2016,31,38,-18.42
187,Spinach,2017,95,31,206.45
188,Spinach,2018,77,95,-18.95
189,Spinach,2019,21,77,-72.73
190,Strawberry,2010,93,0,0.0
191,Strawberry,2011,41,93,-55.91
192,Strawberry,2012,88,41,114.63
193,Strawberry,2013,38,88,-56.82
194,Strawberry,2014,27,38,-28.95
195,Strawberry,2015,33,27,22.22
196,Strawberry,2016,77,33,133.33
197,Strawberry,2017,13,77,-83.12
198,Strawberry,2018,26,13,100.0
199,Strawberry,2019,37,26,42.31
200,Tomato,2010,100,0,0.0
201,Tomato,2011,72,100,-28.0
202,Tomato,2012,95,72,31.94
203,Tomato,2013,28,95,-70.53
204,Tomato,2014,45,28,60.71
205,Tomato,2015,60,45,33.33
206,Tomato,2016,49,60,-18.33
207,Tomato,2017,10,49,-79.59
208,Tomato,2018,35,10,250.0
209,Tomato,2019,35,35,0.0
